measured_best_fitness: 10.096104968452623
num_function_evaluations: 1226
num_hard_failed_jobs: 0
num_individuals_evaluated: 1113
num_soft_failed_jobs: 113
refined_best_fitness: 63.15801171454636
total_time_seconds: 107.11526203155518
